MEMORY
  total            13.4 MB
  struct          159.0 KB
  buffer          271.5 KB
  arena            13.0 MB, used 0.2%

SIZES
  narena                13631488
  nbuffer               277968
  nplugin               0
  maxuse_stack          12648
  maxuse_arena          29088
  maxuse_con            1
  maxuse_efc            4
  solver_nisland        1
  ncon                  1
  ne                    0
  nf                    0
  nl                    0
  nefc                  4
  nJ                    28
  nA                    0
  nisland               0
  threadpool            0

TIMER
    0:  duration =  1.2        number = 4
    1:  duration =  1.1        number = 4
    2:  duration =  0          number = 0
    3:  duration =  0.24       number = 4
    4:  duration =  0.016      number = 4
    5:  duration =  0.0054     number = 4
    6:  duration =  0.052      number = 4
    7:  duration =  0.073      number = 4
    8:  duration =  0.038      number = 4
    9:  duration =  0.0081     number = 4
    10:  duration =  0.16       number = 4
    11:  duration =  0.033      number = 4
    12:  duration =  0.00078    number = 4
    13:  duration =  0.036      number = 4
    14:  duration =  0.085      number = 4

SOLVER STAT
  solver_nisland = 1
  solver_fwdinv =   0         0       
  ISLAND 0
    solver_niter = 1
    solver_nnz = 49
      0:  improvement =  0.00015     gradient =  3.3e-17     lineslope =  2e-18   
          nactive = 4   nchange = 0   neval = 2   nupdate = 0

ENERGY =   0         0       

TIME =  29      

QPOS
   0.0037  
   0.11    
   0.0012  
  -2       
   0.0089  
   3.7     
  -0.79    

QVEL
   0.00043 
   0.00025 
   2e-05   
   0.00034 
   0.0024  
   0.00094 
  -7.8e-05 

QACC_WARMSTART
   0.13    
   0.15    
   0.0077  
   0.11    
   0.73    
   0.51    
  -0.03    

CTRL
  -0.026   
  -24      
   0.091   
   18      
   0.62    
  -0.65    
   0.075   

QFRC_APPLIED
   0       
   0       
   0       
   0       
   0       
   0       
   0       

XFRC_APPLIED
   0         0         0         0         0         0       
   0         0         0         0         0         0       
   0         0         0         0         0         0       
   0         0         0         0         0         0       
   0         0         0         0         0         0       
   0         0         0         0         0         0       
   0         0         0         0         0         0       
   0         0         0         0         0         0       
   0         0         0         0         0         0       
   0         0         0         0         0         0       
   0         0         0         0         0         0       

QACC
   0.13    
   0.15    
   0.0077  
   0.11    
   0.73    
   0.51    
  -0.03    

SENSOR
   0.71    
  -7.5     
   15      

XPOS
   0         0         0       
   0         0         0       
   0         0         0.33    
   0         0         0.33    
   0.035     0.00013   0.65    
   0.12      0.00054   0.64    
   0.49      0.0024    0.51    
   0.49      0.0024    0.51    
   0.49      0.0017    0.6     
   0.6       0.0017    0.6     
   0.6       0         0.7     

XQUAT
   1         0         0         0       
   1         0         0         0       
   1         0         0         0.0019  
   0.71     -0.71      0.038     0.041   
   1        -7e-05     0.056     0.0025  
   0.35      0.35      0.62     -0.62    
   0.49      0.0017    0.87      0.0034  
   0.5       0.5      -0.5       0.5     
   0.27      0.65      0.27      0.65    
  -0.5       0.5      -0.5       0.5     
   0        -0.71      0         0.71    

XMAT
   1         0         0         0         1         0         0         0         1       
   1         0         0         0         1         0         0         0         1       
   1        -0.0037    0         0.0037    1         0         0         0         1       
   0.99     -0.11     -0.0037    0.0037   -0.00041   1        -0.11     -0.99      9e-17   
   0.99     -0.0049    0.11      0.0049    1         0.00041  -0.11      0.00013   0.99    
  -0.52      0.85      0.0049   -0.0024    0.0043   -1        -0.85     -0.52     -0.00013 
  -0.52     -0.00032   0.85      0.0064    1         0.0043   -0.85      0.0077   -0.52    
  -0.00056  -1         0.00032  -0.0077   -0.00032  -1         1        -0.00057  -0.0077  
  -0.00063  -0.00017   1         0.7      -0.71      0.00032   0.71      0.7       0.00057 
   0.00032   0.00056   1        -1         0.008     0.00032  -0.008    -1         0.00057 
   0        -0        -1         0        -1         0        -1         0         0       

XIPOS
   0         0         0       
  -0.041    -0.00014   0.05    
   0.0039    0.0021    0.29    
   7.3e-05   0.0035    0.36    
   0.055     0.039     0.58    
   0.23     -0.026     0.63    
   0.46      0.043     0.54    
   0.5       0.012     0.57    
   0.55      0.012     0.6     
   0.7       0.0018    0.6     
   0.6       0         0.7     

XIMAT
   1         0         0         0         1         0         0         0         1       
   0.13      0.0028    0.99      0.019    -1         0.00032   0.99      0.019    -0.13    
   0.009    -1        -0.0096    1         0.0092   -0.027     0.028    -0.0094    1       
   0.47      0.075     0.88      0.82     -0.41     -0.4       0.33      0.91     -0.25    
  -0.16     -0.89      0.42      0.93      0.0011    0.37     -0.33      0.45      0.83    
   0.3       0.3      -0.9      -0.69     -0.58     -0.42     -0.66      0.75      0.033   
  -0.61     -0.18      0.77     -0.27      0.96      0.009    -0.74     -0.21     -0.64    
  -0.19      0.98      0.074    -0.94     -0.16     -0.3      -0.28     -0.13      0.95    
  -0.14     -0.16      0.98      0.77     -0.63      0.006     0.62      0.76      0.21    
   0.00017  -0.00063   1         0.71      0.7       0.00032  -0.7       0.71      0.00057 
   0        -0        -1         0        -1         0        -1         0         0       

XANCHOR
   0         0         0.33    
   0         0         0.33    
   0.035     0.00013   0.65    
   0.12      0.00054   0.64    
   0.49      0.0024    0.51    
   0.49      0.0024    0.51    
   0.49      0.0017    0.6     

XAXIS
   0         0         1       
  -0.0037    1         1.1e-16 
   0.11      0.00041   0.99    
   0.0049   -1        -0.00013 
   0.85      0.0043   -0.52    
   0.00032  -1        -0.0077  
   1         0.00032   0.00057 

GEOM_XPOS
  -0.024     0.069     0.037   
  -0.025     0.073     0.037   
  -0.024    -0.065     0.063   
  -0.025    -0.073     0.063   
  -0.065    -0.066     0.048   
  -0.06      0.058     0.037   
   0.011    -0.072     0.046   
  -0.03     -3.4e-05   0.053   
  -0.025    -0.073     0.033   
  -0.024    -0.065     0.033   
   0.011     0.072     0.046   
  -0.029    -0.00088   0.057   
   0.00012  -0.032     0.27    
   0.00013  -0.031     0.26    
   0.0075    0.032     0.4     
   0.0077    0.031     0.4     
   0.072     0.025     0.61    
   0.055    -0.011     0.63    
   0.085    -0.011     0.58    
   0.11      0.08      0.63    
   0.075     0.025     0.6     
   0.18      0.012     0.63    
   0.17     -0.023     0.65    
   0.12     -0.079     0.64    
   0.16      0.012     0.68    
   0.17     -0.024     0.65    
   0.46      0.098     0.53    
   0.4       0.11      0.58    
   0.39      0.046     0.57    
   0.31      0.021     0.62    
   0.38      0.082     0.57    
   0.48      0.072     0.51    
   0.5       0.0073    0.53    
   0.49     -0.051     0.51    
   0.42      0.0021    0.61    
   0.41      0.012     0.6     
   0.41      0.0016    0.61    
   0.41     -0.0089    0.6     
   0.41      0.0018    0.59    
   0.41      0.0019    0.57    
   0.42      0.0015    0.62    
   0.49     -0.05      0.51    
   0.41      0.0017    0.6     
   0.41      0.0017    0.6     
   0.41      0.027     0.6     
   0.41     -0.023     0.6     
   0.49     -0.041     0.52    
   0.41      0.0017    0.6     
   0.48     -0.0064    0.57    
   0.48     -0.0042    0.56    
   0.57      0.0012    0.66    
   0.57      0.034     0.65    
   0.57      0.0021    0.55    
   0.57      0.0021    0.54    
   0.57      0.0022    0.54    
   0.57     -0.031     0.65    
   0.56      0.0012    0.66    
   0.57      0.0017    0.6     
   0.57      0.0016    0.61    
   0.6       0         0.7     

GEOM_XMAT
  -0.16     -0.63      0.76      0.99     -0.1       0.12      0.0009    0.77      0.64    
  -0.084     0.71      0.7       0.99      0.013     0.11      0.066     0.71     -0.7     
   0.99     -0.0056   -0.17     -0.17      0.0013   -0.99      0.0057    1         0.0004  
   0.28     -0.61      0.74      0.96      0.24     -0.16     -0.085     0.76      0.65    
   0.16     -0.99      0.032     0.99      0.16      0.0071   -0.012     0.03      1       
  -0.16      0.18      0.97      0.99      0.029     0.16      0         0.98     -0.18    
   0.16     -0.98     -0.12      0.99      0.16      0.022    -0.0026   -0.12      0.99    
  -0.42      0.0024    0.91     -0.0015   -1         0.0019    0.91     -0.00057   0.42    
   0.014    -0.99     -0.14     -0.0066    0.14     -0.99      1         0.015    -0.0045  
   0.99     -0.0078   -0.15     -0.15      0.027    -0.99      0.012     1         0.025   
  -0.16     -0.98     -0.12      0.99     -0.16     -0.022     0.0025   -0.12      0.99    
  -0.36      0.0082    0.93      0.022    -1         0.017     0.93      0.027     0.36    
   1        -0.003     0.0014    0.0033    0.93     -0.37     -0.00014   0.37      0.93    
   1        -0.0042    0.0012    0.0044    0.94     -0.34      0.00032   0.34      0.94    
   0.99      0.038     0.11      0.0041    0.93     -0.37     -0.11      0.37      0.92    
   0.99      0.034     0.11      0.0037    0.94     -0.34     -0.11      0.34      0.93    
  -0.65      0.2       0.73      0.17     -0.9       0.4       0.74      0.39      0.55    
   0.14     -0.99      0.04     -0.49     -0.1      -0.87      0.86      0.1      -0.5     
  -0.7      -0.7       0.12      0.71     -0.71     -0.0041    0.086     0.081     0.99    
  -0.076    -0.52      0.85      1        -0.00089   0.088    -0.045     0.85      0.52    
  -0.68      0.11      0.73      0.27     -0.88      0.38      0.68      0.46      0.57    
   0.36      0.36     -0.86     -0.71      0.7       0.00088   0.61      0.61      0.51    
   0.1       0.45     -0.89      0.32     -0.86     -0.39     -0.94     -0.25     -0.23    
   0.084    -0.36     -0.93     -1        -0.0033   -0.089     0.028     0.93     -0.35    
   0.77      0.53     -0.37     -0.48      0.1      -0.87     -0.42      0.85      0.33    
   0.076     0.43     -0.9       0.35     -0.85     -0.38     -0.93     -0.29     -0.22    
  -0.045     0.52      0.85      1        -0.0026    0.054     0.03      0.85     -0.52    
  -0.086     0.62      0.78      0.98     -0.1       0.19      0.2       0.78     -0.59    
  -0.52     -0.23      0.82      0.0065    0.96      0.28     -0.85      0.15     -0.5     
   0.77      0.42     -0.49     -0.59      0.16     -0.79     -0.26      0.9       0.36    
  -0.21      0.52      0.83      0.97     -0.0011    0.25      0.13      0.85     -0.51    
  -0.51      0.79      0.33      0.012     0.39     -0.92     -0.86     -0.47     -0.21    
  -0.033     0.87      0.49     -1        -0.0049   -0.059    -0.049    -0.49      0.87    
   0.00079  -0.2       0.98     -0.99      0.11      0.023    -0.11     -0.97     -0.2     
  -0.97     -0.024     0.22     -0.012    -0.99     -0.16      0.22     -0.16      0.96    
  -0.00056  -1         0.00032  -0.0077   -0.00032  -1         1        -0.00057  -0.0077  
  -1         0.00032  -0.00056  -0.00032  -1        -0.0077   -0.00057  -0.0077    1       
  -0.00056  -1         0.00032  -0.0077   -0.00032  -1         1        -0.00057  -0.0077  
  -1         0.00032  -0.00056  -0.00032  -1        -0.0077   -0.00057  -0.0077    1       
  -0.00056  -1         0.00032  -0.0077   -0.00032  -1         1        -0.00057  -0.0077  
  -0.00056  -1         0.00032  -0.0077   -0.00032  -1         1        -0.00057  -0.0077  
   0.00038   1         0.012    -0.99      0.0017   -0.11     -0.11     -0.012     0.99    
  -0.98      0.0074    0.22     -0.0026   -1         0.023     0.22      0.022     0.98    
  -0.98     -0.17      0.00032  -0.0017    0.0075   -1         0.17     -0.98     -0.0077  
  -0.00056  -1         0.00032  -0.0077   -0.00032  -1         1        -0.00057  -0.0077  
  -0.00056  -1         0.00032  -0.0077   -0.00032  -1         1        -0.00057  -0.0077  
  -0.0014    1        -0.012    -0.99     -0.0026   -0.11     -0.11      0.012     0.99    
  -0.98     -0.0054    0.22     -0.0019   -1        -0.033     0.22     -0.033     0.98    
  -0.046     1         0.02     -0.97     -0.05      0.25      0.25     -0.0077    0.97    
  -0.0067    0.99     -0.13     -0.99      0.011     0.13      0.13      0.13      0.98    
   0.98     -0.21     -0.0033    0.0019   -0.0067    1        -0.21     -0.98     -0.0061  
  -0.0024    0.97     -0.23      1         0.023     0.089     0.092    -0.23     -0.97    
   0.99     -0.12     -0.014    -0.12     -0.99      0.0085   -0.015    -0.0069   -1       
  -0.00056   0.00032   1        -0.0077   -1         0.00032   1        -0.0077    0.00057 
  -0.00056   0.00032   1        -0.0078   -1         0.00032   1        -0.0078    0.00057 
  -0.0022    0.97      0.23     -1        -0.02      0.074     0.077    -0.23      0.97    
   0.96     -0.28     -0.0015    0.0035    0.0068    1        -0.28     -0.96      0.0075  
   1        -0.003    -0.00087   0.0027    0.71      0.7      -0.0015   -0.7       0.71    
   1         0.00051  -0.053     0.00097  -1         0.0086   -0.053    -0.0086   -1       
   0        -0        -1         0        -1         0        -1         0         0       

SITE_XPOS
   0.6       0.0017    0.6     

SITE_XMAT
   0.00032   0.00056   1        -1         0.008     0.00032  -0.008    -1         0.00057 

LIGHT_XPOS
   0.063     0.00042   1.9     

LIGHT_XDIR
   0         0        -1       

SUBTREE_COM
   0.42      0.0033    0.6     
   0.17      0.0077    0.47    
   0.18      0.008     0.49    
   0.25      0.011     0.58    
   0.27      0.011     0.59    
   0.37     -0.0017    0.6     
   0.5       0.023     0.57    
   0.52      0.012     0.58    
   0.55      0.012     0.6     
   0.7       0.0018    0.6     
   0.6       0         0.7     

CDOF
   0         0         1        -0.0077    0.17      0       
  -0.0037    1         1.1e-16   0.14      0.00051  -0.17    
   0.11      0.00041   0.99     -0.0076    0.15      0.00079 
   0.0049   -1        -0.00013   0.17      0.00081   0.052   
   0.85      0.0043   -0.52      0.0026    0.2       0.0059  
   0.00032  -1        -0.0077    0.038     0.0025   -0.32    
   1         0.00032   0.00057  -4.3e-05   0.13      0.0061  

CINERT
   0         0         0         0         0         0         0         0         0         0       
   0.11      0.14      0.032    -0.001    -0.055    -0.0021   -0.13     -0.0049   -0.27      0.63    
   0.87      1         0.14     -0.0047   -0.15      0.014    -0.82     -0.028    -0.92      5       
   0.017     0.052     0.045     0.0096   -0.0058   -0.0021   -0.11     -0.0027   -0.07      0.65    
   0.075     0.11      0.059     0.0055    0.025    -0.023    -0.37      0.1       0.35      3.2     
   0.11      0.13      0.051    -0.00017  -0.038     0.023     0.23     -0.12      0.57      3.6     
   0.027     0.14      0.13     -0.012    -0.011    -0.0013    0.36      0.044     0.084     1.2     
   0.021     0.21      0.19     -0.0023   -0.055     0.0004    0.56      0.0079    0.16      1.7     
   0.017     0.13      0.12     -0.0016   -0.038     0.00082   0.28      0.0033    0.096     0.74    
   0         0         0         0         0         0         0        -0         0         0       
   8.4       3.7       4.8       0        -0         0         0         0         0         22      

ACTUATOR_LENGTH
   0.0037  
   0.11    
   0.0012  
  -2       
   0.0088  
   3.7     
  -0.79    

actuator_moment
---------
 x       |
  x      |
   x     |
    x    |
     x   |
      x  |
       x |
---------

ACTUATOR_MOMENT
     0:  1       
     1:  1       
     2:  1       
     3:  1       
     4:  1       
     5:  1       
     6:  1       

CRB
   0         0         0         0         0         0         0         0         0         0       
   1.3       1.9       0.77     -0.0062   -0.32      0.0092   -3.3e-16   2.6e-18  -3.9e-16   17      
   1.1       1.8       0.74     -0.0052   -0.27      0.011     0.13      0.0049    0.27      16      
   0.26      0.78      0.59     -0.00047  -0.12     -0.0027    0.95      0.033     1.2       11      
   0.25      0.73      0.55     -0.01     -0.12     -0.00063   1.1       0.035     1.3       10      
   0.17      0.61      0.49     -0.016    -0.14      0.023     1.4      -0.067     0.91      7.2     
   0.065     0.48      0.44     -0.015    -0.1      -3e-05     1.2       0.055     0.34      3.6     
   0.038     0.34      0.3      -0.0039   -0.093     0.0012    0.84      0.011     0.26      2.4     
   0.017     0.13      0.12     -0.0016   -0.038     0.00082   0.28      0.0033    0.096     0.74    
   0         0         0         0         0         0         0        -0         0         0       
   8.4       3.7       4.8       0        -0         0         0         0         0         22      

QM
   1.3      -0.025     1.1      -0.013    -0.11     -0.00077  -0.0032  
  -0.025     2.1      -0.027    -0.8      -0.023    -0.096    -0.0045  
   1.1      -0.027     1.1      -0.01     -0.1      -0.0007   -0.0025  
  -0.013    -0.8      -0.01      0.78      0.027     0.036     0.0036  
  -0.11     -0.023    -0.1       0.027     0.14      0.00093   0.0053  
  -0.00077  -0.096    -0.0007    0.036     0.00093   0.13      0.00079 
  -0.0032   -0.0045   -0.0025    0.0036    0.0053    0.00079   0.1     

QLD
   0.25     -0.0014    0.97      0.012    -0.81     -0.0057   -0.03    
  -0.0014    1.2      -0.032    -1        -0.16     -0.72     -0.043   
   0.97     -0.032     1.1       0.013    -0.75     -0.0051   -0.024   
   0.012    -1         0.013     0.76      0.19      0.27      0.035   
  -0.81     -0.16     -0.75      0.19      0.14      0.0067    0.05    
  -0.0057   -0.72     -0.0051    0.27      0.0067    0.13      0.0076  
  -0.03     -0.043    -0.024     0.035     0.05      0.0076    0.1     

QLDIAGINV
   4.1     
   0.83    
   0.94    
   1.3     
   7.3     
   7.5     
   9.5     

B: body-dof matrix
---------
 xxxxxxx |
 xxxxxxx |
 xxxxxxx |
 xxxxxxx |
 xxxxxxx |
 xxxxxxx |
 xxxxxxx |
 xxxxxxx |
 xxxxxxx |
 xxxxxxx |
         |
---------

B_rownnz              7 7 7 7 7 7 7 7 7 7 0

B_rowadr              0 7 14 21 28 35 42 49 56 63 70

B_colind              0 1 2 3 4 5 6 0 1 2 3 4 5 6 0 1 2 3 4 5 6 0 1 2 3 4 5 6 0 1 2 3 4 5 6 0 1 2 3 4 5 6 0 1 2 3 4 5 6 0 1 2 3 4 5 6 0 1 2 3 4 5 6 0 1 2 3 4 5 6

C: reduced dof-dof matrix
---------
 x       |
 xx      |
 xxx     |
 xxxx    |
 xxxxx   |
 xxxxxx  |
 xxxxxxx |
---------

C_rownnz              1 2 3 4 5 6 7

C_rowadr              0 1 3 6 10 15 21

C_colind              0 0 1 0 1 2 0 1 2 3 0 1 2 3 4 0 1 2 3 4 5 0 1 2 3 4 5 6

mapM2C                0 2 1 5 4 3 9 8 7 6 14 13 12 11 10 20 19 18 17 16 15 27 26 25 24 23 22 21

D: dof-dof matrix
---------
 Dxxxxxx |
 xDxxxxx |
 xxDxxxx |
 xxxDxxx |
 xxxxDxx |
 xxxxxDx |
 xxxxxxD |
---------

D_rownnz              7 7 7 7 7 7 7

D_rowadr              0 7 14 21 28 35 42

D_colind              0 1 2 3 4 5 6 0 1 2 3 4 5 6 0 1 2 3 4 5 6 0 1 2 3 4 5 6 0 1 2 3 4 5 6 0 1 2 3 4 5 6 0 1 2 3 4 5 6

mapM2D                0 2 5 9 14 20 27 2 1 4 8 13 19 26 5 4 3 7 12 18 25 9 8 7 6 11 17 24 14 13 12 11 10 16 23 20 19 18 17 16 15 22 27 26 25 24 23 22 21

mapD2M                0 8 7 16 15 14 24 23 22 21 32 31 30 29 28 40 39 38 37 36 35 48 47 46 45 44 43 42

QDERIV
  -1        -0.00022  -5.4e-05  -7.9e-05   6e-05     1.9e-05   8e-06   
   0.00014  -1         8.2e-05   0.00025  -0.00013  -1.5e-05  -2.6e-06 
  -2.4e-05  -0.00019  -1        -7.9e-05   5.7e-05   1.9e-05   7.5e-06 
   4.9e-05  -3.6e-05   6.7e-05  -1         0.00014   1.6e-05   3.2e-06 
   4.2e-06   1.6e-05   8e-06     1.9e-06  -1        -8.8e-06  -1.9e-06 
   8.3e-06   2.2e-05   1.3e-05  -2.2e-05   8.8e-06  -1         6e-07   
  -1.5e-06   3.6e-06  -7.7e-07  -3.5e-06   1.7e-06  -6.6e-07  -1       

QLU
   0.25     -0.0014    0.97      0.011    -0.8      -0.0056   -0.03    
  -0.0017    1.2      -0.032    -1        -0.16     -0.71     -0.042   
   1        -0.034     1.1       0.013    -0.74     -0.0051   -0.024   
   0.0086   -0.77      0.0096    0.76      0.19      0.27      0.034   
  -0.11     -0.022    -0.1       0.027     0.14      0.0066    0.049   
  -0.00075  -0.096    -0.00068   0.036     0.00089   0.13      0.0074  
  -0.0032   -0.0045   -0.0025    0.0036    0.0053    0.00079   0.11    

CONTACT
  0:
     dim           3
     geoms         wgc : 58
     exclude       0
     efc_address   0
     solref         0.02      1       
     solimp         0.9       0.95      0.001     0.5       2       
     dist          -8.9e-05 
     includemargin  0       
     pos            0.6      -0.023     0.61    
     frame         -1        -1.4e-07  -1.6e-07  -1.4e-07   1        -2.2e-14   1.6e-07   0        -1       
     friction       1         1         0.005     0.0001    0.0001  
     mu             1       

EFC_TYPE
  6
  6
  6
  6

EFC_ID
  0
  0
  0
  0

EFC_J
   0.57     -0.27      0.54     -0.032    -0.12      0.096    -0.0082  
  -0.62     -0.27     -0.58     -0.033     0.15      0.097     0.0081  
  -0.023     0.32     -0.02     -0.51      0.035    -0.01      0.024   
  -0.023    -0.87     -0.026     0.45     -0.0093    0.2      -0.025   

EFC_POS
  -8.9e-05 
  -8.9e-05 
  -8.9e-05 
  -8.9e-05 

EFC_MARGIN
   0       
   0       
   0       
   0       

EFC_FRICTIONLOSS
   0       
   0       
   0       
   0       

EFC_DIAGAPPROX
   0.52    
   0.52    
   0.52    
   0.52    

EFC_KBIP
   2.8e+03   1.1e+02   0.9      -18      
   2.8e+03   1.1e+02   0.9      -18      
   2.8e+03   1.1e+02   0.9      -18      
   2.8e+03   1.1e+02   0.9      -18      

EFC_D
   17      
   17      
   17      
   17      

EFC_R
   0.058   
   0.058   
   0.058   
   0.058   

ACTUATOR_VELOCITY
   0.00017 
  -4.5e-05 
   4e-06   
   0.00012 
   0.001   
  -5.3e-05 
  -1.9e-05 

CVEL
   0         0         0         0         0         0       
   0         0         0         0         0         0       
   0         0         0.00017  -1.3e-06   2.9e-05   0       
   1.7e-07  -4.5e-05   0.00017  -7.5e-06   2.9e-05   7.5e-06 
   6.1e-07  -4.5e-05   0.00018  -7.5e-06   3e-05     7.5e-06 
   1.2e-06  -0.00016   0.00018   1.2e-05   3e-05     1.4e-05 
   0.00086  -0.00016  -0.00034   1.5e-05   0.00023   2e-05   
   0.00086  -0.00011  -0.00034   1.3e-05   0.00023   3.6e-05 
   0.00084  -0.00011  -0.00034   1.3e-05   0.00023   3.6e-05 
   0.00084  -0.00011  -0.00034   1.3e-05   0.00023   3.6e-05 
   0         0         0         0         0         0       

CDOF_DOT
   0         0         0         0         0         0       
  -0.00017  -6.4e-07   0        -8.9e-08   2.4e-05  -1.2e-06 
  -4.4e-05   1.9e-05   5e-06     2.6e-06   6.9e-06  -3.6e-06 
   0.00018   8.7e-07  -3.9e-07   5.1e-06   3e-05     1.5e-05 
   8.4e-05   0.00015   0.00014  -5.2e-05   1.8e-05  -2.5e-05 
  -0.00034   6.5e-06  -0.00086   6.9e-05   0.00026  -6.8e-06 
   4.8e-08  -0.00034   0.00011   4.3e-05   3.1e-05  -0.00012 

QFRC_BIAS
  -2.8e-08 
  -28      
   0.12    
   18      
   0.62    
   0.67    
   0.075   

QFRC_SPRING
   0       
   0       
   0       
   0       
   0       
   0       
   0       

QFRC_DAMPER
  -0.00017 
   4.5e-05 
  -4e-06   
  -0.00012 
  -0.001   
   5.3e-05 
   1.9e-05 

QFRC_GRAVCOMP
   0       
   0       
   0       
   0       
   0       
   0       
   0       

QFRC_FLUID
   0       
   0       
   0       
   0       
   0       
   0       
   0       

QFRC_PASSIVE
  -0.00017 
   4.5e-05 
  -4e-06   
  -0.00012 
  -0.001   
   5.3e-05 
   1.9e-05 

EFC_VEL
  -2.1e-05 
   4.4e-05 
  -4.4e-05 
   6.8e-05 

EFC_AREF
   0.22    
   0.22    
   0.23    
   0.22    

SUBTREE_LINVEL
   0         0         0       
   0         0         0       
   0         0         0       
   0         0         0       
   0         0         0       
   0         0         0       
   0         0         0       
   0         0         0       
   0         0         0       
   0         0         0       
   0         0         0       

SUBTREE_ANGMOM
   0         0         0       
   0         0         0       
   0         0         0       
   0         0         0       
   0         0         0       
   0         0         0       
   0         0         0       
   0         0         0       
   0         0         0       
   0         0         0       
   0         0         0       

ACTUATOR_FORCE
  -0.026   
  -24      
   0.091   
   18      
   0.62    
  -0.65    
   0.075   

QFRC_ACTUATOR
  -0.026   
  -24      
   0.091   
   18      
   0.62    
  -0.65    
   0.075   

QFRC_SMOOTH
  -0.026   
   4       
  -0.024   
   0.61    
  -0.00037 
  -1.3     
   1.9e-05 

QACC_SMOOTH
   0.014   
   3.3     
   0.057   
   4.6     
  -0.25    
  -8.8     
   0.065   

EFC_B
  -2       
  -2.2     
  -1.4     
  -2.8     

EFC_FORCE
   4       
   3.3     
   3.8     
   3.5     

EFC_STATE
  1
  1
  1
  1

QFRC_CONSTRAINT
   0.12    
  -3.8     
   0.098   
  -0.61    
   0.085   
   1.4     
   0.00033 

QFRC_INVERSE
   0       
   0       
   0       
   0       
   0       
   0       
   0       

CACC
   0         0         0        -0        -0         9.8     
   0         0         0         0         0         9.8     
   0         0         0.13     -0.001     0.022     9.8     
  -0.00055   0.15      0.13      0.019     0.022     9.8     
   0.00031   0.15      0.14      0.019     0.023     9.8     
   0.00084   0.04      0.14      0.038     0.023     9.8     
   0.63      0.043    -0.24      0.039     0.17      9.8     
   0.63     -0.46     -0.25      0.059     0.17      9.6     
   0.6      -0.46     -0.25      0.059     0.17      9.6     
   0.6      -0.46     -0.25      0.059     0.17      9.6     
   0         0         0         0         0         9.8     

CFRC_INT
   0.16      3.3      -0.17      0.36      0.25      3.8e+02 
   0.082     1.9       0.16      15       -0.52      1.6e+02 
   0.13      0.61      0.16      15       -0.52      1.6e+02 
   0.4      -7.4       0.16      15       -0.52      1.1e+02 
   0.43     -8.5       0.16      15       -0.52      1e+02   
  -0.58     -12        0.16      15       -0.54      71      
   0.64     -9.9       0.15      15       -0.66      36      
   0.21     -6.4       0.13      15       -0.73      24      
   0.13     -0.91      0.11      15       -0.77      7.5     
   0         0         0         0         0         0       
   0.079     1.4      -0.34     -15        0.77      2.2e+02 

CFRC_EXT
   0         0         0         0         0         0       
   0         0         0         0         0         0       
   0         0         0         0         0         0       
   0         0         0         0         0         0       
   0         0         0         0         0         0       
   0         0         0         0         0         0       
   0         0         0         0         0         0       
   0         0         0         0         0         0       
  -0.094    -1.8      -0.12     -15        0.77     -0.28    
   0         0         0         0         0         0       
  -0.079    -1.4       0.34      15       -0.77      0.28    

